【问题描述】
读入一个列表lst和正整数n和m，然后删除n~m之间的元素，不包括m位置的元素，n可以大于等于m,也可以小于m。如果输入的n和m不在列表lst的下标范围内，则输出"error"。
【输入形式】
第一行输入列表。包含方括号，列表元素用逗号分隔。
第二行输入两个整数n和m，中间用一个逗号分割。
【输出形式】
直接用print输出列表
【样例输入1】
[1,2,3,4,5,6,7]
2,3
【样例输出1】
[1,2,4,5,6,7]
【样例输入2】
[1,2,3,4,5,6]
5,3
【样例输出2】
[1, 2, 3, 4]
【样例输入3】
[1,2,3,4,5,6]
7,3
【样例输出2】
error
【样例说明】
样例1：输入列表[1,2,3,4,5,6,7]和正整数2,3，则删除列表第2位置元素，打印输出[1,2,4,5,6,7]
样例2：输入列表[1,2,3,4,5,6]和正整数5,3，删除列表第5个位置和第4个位置元素，打印输出[1, 2, 3, 4]
样例3：输入列表[1,2,3,4,5,6]和正整数7,3，7不在列表下标的范围之内，输出“error”
【评分标准】